acceleration_offset:
  x: 0.21241137883810274
  y: 0.07057201753162173
  z: 0.0
angular_velocity_offset:
  x: 0.0
  y: 0.0
  z: 0.0
